1-1        
1-2     8,102,894,912,923,1553,1579,1590,1592,1608,1625,1631,1679,1707,1734,1740,1763,1771
9,913,1052,1632,1634,1680,1719,1730,1733,1739,1755,1762,1772,1789(MOD)  
1-3     817,854,877,928,964,1544,1548,1551,1557,1673,1716
818,855,965,1556,1715(MOD)  
1-4     52,61,96,106,518,602,914,966,1512,1517,1568,1593,1600,1642,1669,1704,1710,1748,1766,1787,1795,1801
706,1511,1518,1569,1599,1641,1711,1732,1749,1765,1788,1794,1800(MOD)  
1-5     630,678,725,921,963,987,1042,1060,1510
666,726,922,1035(MOD)  
1-6     85,87,109,111,231,257,520,523,907,915,1049,1482,1519,1617,1682,1700,1706,1742,1768
390,410,688,908,916,1034,1483,1499,1520,1683,1705,1741,1767(MOD)  
1-7        
1-8     265,280,551,580,1030,1044,1045,1475,1546,1620,1664,1712,1784,1796
1031,1474,1545,1621,1785(MOD)  
1-9     340,342,358,382,876,1484,1487,1492,1495,1521,1630,1685,1708,1782
383,463,1485,1496,1522,1686,1758,1783,1803(MOD)  
1-10     41,42,374,559,603,625,1622,1626,1637,1646,1687,1695,1703,1743,1747
400,560,1623,1645,1714,1746,1754,1779,1792,1802(MOD)
1-11        
1-12     8,41,42,52,61,85,87,96,102,106,109,111,231,257,265,280,340,342,358,374,382,518,520,523,551,559,580,602,603,625,630,678,725,817,854,876,877,894,907,912,914,915,921,923,928,963,964,966,987,1030,1042,1044,1045,1049,1060,1475,1482,1484,1487,1492,1495,1510,1512,1517,1519,1521,1544,1546,1548,1551,1553,1557,1568,1579,1590,1592,1593,1600,1608,1617,1620,1622,1625,1626,1630,1631,1637,1642,1646,1664,1669,1673,1679,1682,1685,1687,1695,1700,1703,1704,1706,1707,1708,1710,1712,1716,1734,1740,1742,1743,1747,1748,1763,1766,1768,1771,1782,1784,1787,1795,1796,1801
9,383,390,400,410,463,560,666,688,706,726,818,855,908,913,916,922,965,1031,1034,1035,1052,1474,1483,1485,1496,1499,1511,1518,1520,1522,1545,1556,1569,1599,1621,1623,1632,1634,1641,1645,1680,1683,1686,1705,1711,1714,1715,1719,1730,1732,1733,1739,1741,1746,1749,1754,1755,1758,1762,1765,1767,1772,1779,1783,1785,1788,1789,1792,1794,1800,1802,1803(MOD)  
