GESW網路管理系統Logo   [新增]  [查詢]  [更新]  [刪除]  [標籤]  [首頁]  [回PAMS首頁]  

--------------------------------------------------------------------------------

GESW設備的通道Vlanid資料(僅供參考用,請以服務資料為主)
    查看通道詳細資料   查看通道服務速率統計資料(每週五晚上統計一次)  
Slot-Port QinQ VLANID 
1-1     326,359,408,585,596,742,797,1015,1093,1119,1120,1123,1128,1131,1157,1158,1167,1183,1210
496,597,1016,1091,1126,1129,1132,1254(MOD)  
1-2        
1-3     255,260,272,521,530,711,780,886,1000,1001,1146,1182,1236,1237   
1-4     268,1140,1287,1293,1305,1308,1327,1332,1336,1350,1355,1365,1417,1418,1419
269,1269,1288,1294,1302,1335,1351,1354,1357,1364(MOD)  
1-5     301,400,1153,1166,1174,1175,1179,1180,1181,1194,1197,1211
1244,1250,1367,1377(MOD)  
1-6     1389,1391,1395
1390(MOD)  
1-7     423,497,544,912,1139,1141,1202,1205,1220,1225,1247,1298,1345,1416
1200,1203,1204,1226,1231,1245,1246,1344,1401(MOD)  
1-8     157,664,712,726,792,826,911,935,968,971,975,1072,1085,1089,1106,1173,1378,1405,1406,1407,1410,1412,1414
727,827,1088,1270,1296,1379,1397(MOD)  
1-9     908,909,910,920,930,931,933,937,966,988,1047,1094,1112,1188,1216
918,930,932,934,938,965,989,1217,1234(MOD)  
1-10     993,1006,1014,1018,1020,1043,1054,1057,1114,1193,1258,1261,1262,1371
992,1005,1013,1021,1044,1113,1260,1349,1370(MOD)  
1-11     157,255,260,268,272,301,326,359,400,408,423,497,521,530,544,585,596,664,711,712,726,742,780,792,797,826,886,908,909,910,911,912,920,930,931,933,935,937,966,968,971,975,988,993,1000,1001,1006,1014,1015,1018,1020,1043,1047,1054,1057,1072,1085,1089,1093,1094,1106,1112,1114,1119,1120,1123,1128,1131,1139,1140,1141,1146,1153,1157,1158,1166,1167,1173,1174,1175,1179,1180,1181,1182,1183,1188,1193,1194,1197,1202,1205,1210,1211,1216,1220,1225,1236,1237,1247,1258,1261,1262,1287,1293,1298,1305,1308,1327,1332,1336,1345,1350,1355,1365,1371,1378,1389,1391,1395,1405,1406,1407,1410,1412,1414,1416,1417,1418,1419
269,496,597,727,827,918,930,932,934,938,965,989,992,1005,1013,1016,1021,1044,1088,1091,1113,1126,1129,1132,1200,1203,1204,1217,1226,1231,1234,1244,1245,1246,1250,1254,1260,1269,1270,1288,1294,1296,1302,1335,1344,1349,1351,1354,1357,1364,1367,1370,1377,1379,1390,1397,1401(MOD)  
1-12        
 
 中華電信北區OPTIMA  
