1-1        
1-2        
1-3        
1-4     13,58,184,233,275,277,291,332,440,480,487,502,529,550,586,597,639,642,647,664,672,674,675,693,701,704,716,724,732,738,752,757,766,786,789,798,808,810,819,837,841,844,845,897,900,907,935,950,965,977,980,987,993,994,1002,1004,1017,1032,1037,1038,1054,1057,1058,1065,1073,1075,1097,1100
14,59,276,278,530,551,571,665,673,717,767,785,807,809,820,846,933,934,941,943,964,1003,1005,1016,1023,1031,1035,1036,1043,1056,1059,1064,1066,1072,1074,1076,1081,1096,1099(MOD)  
1-5        
1-6        
1-7        
1-8     40,100,133,137,286,380,390,415,470,485,510,519,524,537,546,569,577,578,579,587,590,595,604,606,611,615,617,623,643,646,648,655,666,682,683,685,692,713,719,726,735,737,742,750,756,761,763,772,778,782,784,793,794,797,804,814,822,823,825,840,850,852,859,875,880,887,888,889,891,893,894,917,924,926,927,929,931,938,940,945,946,952,953,955,957,959,961,966,970,975,983,984,991,992,996,998,1001,1006,1007,1009,1011,1013,1019,1020,1021,1024,1033,1040,1045,1047,1048,1051,1055,1062,1070,1082,1086,1093,1095
41,115,298,331,416,538,591,596,645,649,656,659,681,727,762,777,783,791,795,815,821,824,826,848,871,876,877,890,914,916,925,928,932,939,942,960,985,997,999,1008,1010,1014,1018,1022,1027,1034,1039,1046,1049,1050,1060,1061,1063,1067,1069,1071,1077,1079,1083,1084,1085,1087,1090,1091,1092,1094,1098(MOD)  
1-9        
1-10     13,40,58,100,133,137,184,233,275,277,286,291,332,380,390,415,440,470,480,485,487,502,510,519,524,529,537,546,550,569,577,578,579,586,587,590,595,597,604,606,611,615,617,623,639,642,643,646,647,648,655,664,666,672,674,675,682,683,685,692,693,701,704,713,716,719,724,726,732,735,737,738,742,750,752,756,757,761,763,766,772,778,782,784,786,789,793,794,797,798,804,808,810,814,819,822,823,825,837,840,841,844,845,850,852,859,875,880,887,888,889,891,893,894,897,900,907,917,924,926,927,929,931,935,938,940,945,946,950,952,953,955,957,959,961,965,966,970,975,977,980,983,984,987,991,992,993,994,996,998,1001,1002,1004,1006,1007,1009,1011,1013,1017,1019,1020,1021,1024,1032,1033,1037,1038,1040
14,41,59,115,276,278,298,331,416,530,538,551,571,591,596,645,649(MOD)  
1-11        
1-12     1045,1047,1048,1051,1054,1055,1057,1058,1062,1065,1070,1073,1075,1082,1086,1093,1095,1097,1100
256,656,659,665,673,681,717,727,762,767,777,783,785,791,795,807,809,815,820,821,824,826,846,848,871,876,877,890,914,916,925,928,932,933,939,941,942,943,960,964,985,997,999,1003,1005,1008,1010,1014,1016,1018,1022,1023,1027,1031,1034,1035,1036,1039,1043,1046,1049,1050,1056,1059,1060,1061,1063,1064,1066,1067,1069,1071,1072,1074,1076,1077,1079,1081,1083,1084,1085,1087,1090,1091,1092,1094,1096,1098,1099(MOD)  
