GESW網路管理系統Logo   [新增]  [查詢]  [更新]  [刪除]  [標籤]  [首頁]  [回PAMS首頁]  

--------------------------------------------------------------------------------

GESW設備的通道Vlanid資料(僅供參考用,請以服務資料為主)
    查看通道詳細資料   查看通道服務速率統計資料(每週五晚上統計一次)  
Slot-Port QinQ VLANID 
1-1     221,998,1004,1016,1105,1172,1228,1230,1238,1240,1253
1005,1017,1027(MOD)  
1-2     1232,1234,1235,1237,1239,1255,1272,1279,1292,1293,1322
1233,1294,1323,1328(MOD)  
1-3     785,911,1024,1030,1036,1070,1086,1112,1122,1145,1149,1161,1183,1209,1227,1254
912,1037,1060,1280(MOD)  
1-4     449,671,679,1072,1075,1130,1153,1192,1224,1241
672,680,1069,1074(MOD)  
1-5     917,933,1249,1284,1290,1296,1299,1319
918,1285,1291,1295,1300,1324(MOD)  
1-6     245,767,907,1084,1088,1091,1109,1113,1114,1147,1186,1187,1188,1199
246(MOD)  
1-7     463,952,953,954,955,956,957,958,959,960,961,962,963,964,965,966,967,968,969,970,971,1257,1273,1275,1276,1277,1309,1314,1316,1317
1315,1318(MOD)  
1-8     405,779,942,944,1097,1121,1140,1191,1194,1220,1242,1325
943,945,1266,1326(MOD)  
1-9     464,471,879,1124,1129,1146,1151,1213,1229,1269,1270
734,1152,1283(MOD)  
1-10     221,245,405,449,463,464,471,671,679,767,779,785,879,907,911,917,933,942,944,952,953,954,955,956,957,958,959,960,961,962,963,964,965,966,967,968,969,970,971,998,1004,1016,1024,1030,1036,1070,1072,1075,1084,1086,1088,1091,1097,1105,1109,1112,1113,1114,1121,1122,1124,1129,1130,1140,1145,1146,1147,1149,1151,1153,1161,1172,1183,1186,1187,1188,1191,1192,1194,1199,1209,1213,1220,1224,1227,1228,1229,1230,1232,1234,1235,1237,1238,1239,1240,1241,1242,1249,1253,1254,1255,1257,1269,1270,1272,1273,1275,1276,1277,1279,1284
246,672,680,734,912,918,943,945,1005,1017,1027,1037,1060,1069,1074,1152,1233,1266,1280,1283,1285(MOD)  
1-11        
1-12     1290,1292,1293,1296,1299,1309,1314,1316,1317,1319,1322,1325
1291,1294,1295,1300,1315,1318,1323,1324,1326,1328(MOD)  
 
 中華電信北區OPTIMA  
