GESW網路管理系統Logo   [新增]  [查詢]  [更新]  [刪除]  [標籤]  [首頁]  [回PAMS首頁]  

--------------------------------------------------------------------------------

GESW設備的通道Vlanid資料(僅供參考用,請以服務資料為主)
    查看通道詳細資料   查看通道服務速率統計資料(每週五晚上統計一次)  
Slot-Port QinQ VLANID 
1-1        
1-2        
1-3        
1-4        
1-5        
1-6        
1-7        
1-8     362,372,373,381,386,390,434,444,446,451,453,461,464,472,473,477,478,483,536,540,543,550,551,555,576,580,592,593,603,610,617,619,624,629,631,634,648,654,657,659,663,683,696,698,705,712,713,722,729,731,734,736,738,743,746,747,749,756,764,765,768,772,778,781,783,789,794,798,802,806,816,830,833,834,836,843,847,849,850,854,862,865,866,868,874,876,877,880,882,886,888,889,896,900,901,903,910,912,920,924,928,932,935,936,942,943,944,948,949,950,955,956,957,961,963,965,968,973,974,976,979,1132,1134,1136,1142,1144,1149,1153,1159,1161,1164,1176
363,382,387,546,556,581,597,632,641,644,649,656,658,664,732,733,737,739,744,745,750,779,782,784,795,821,822,824,827,831,852,855,875,878,879,897,911,927,933,940,945,951,953,958,962,964,966,969,975,1122,1123,1125,1126,1127,1130,1131,1135,1137,1141,1143,1145,1146,1148,1150,1151,1152,1156,1157,1160,1162,1163,1165,1167,1168,1172,1177(MOD)  
1-9        
1-10        
1-11        
1-12     362,372,373,381,386,390,434,444,446,451,453,461,464,472,473,477,478,483,536,540,543,550,551,555,576,580,592,593,603,610,617,619,624,629,631,634,648,654,657,659,663,683,696,698,705,712,713,722,729,731,734,736,738,743,746,747,749,756,764,765,768,772,778,781,783,789,794,798,802,806,816,830,833,834,836,843,847,849,850,854,862,865,866,868,874,876,877,880,882,886,888,889,896,900,901,903,910,912,920,924,928,932,935,936,942,943,944,948,949,950,955,956,957,961,963,965,968,973,974,976,979,1132,1134,1136,1142,1144,1149,1153,1159,1161,1164,1176
363,382,387,546,556,581,597,632,641,644,649,656,658,664,732,733,737,739,744,745,750,779,782,784,795,821,822,824,827,831,852,855,875,878,879,897,911,927,933,940,945,951,953,958,962,964,966,969,975,1122,1123,1125,1126,1127,1130,1131,1135,1137,1141,1143,1145,1146,1148,1150,1151,1152,1156,1157,1160,1162,1163,1165,1167,1168,1172,1177(MOD)  
 
 中華電信北區OPTIMA  
