GESW網路管理系統Logo   [新增]  [查詢]  [更新]  [刪除]  [標籤]  [首頁]  [回PAMS首頁]  

--------------------------------------------------------------------------------

GESW設備的通道Vlanid資料(僅供參考用,請以服務資料為主)
    查看通道詳細資料   查看通道服務速率統計資料(每週五晚上統計一次)  
Slot-Port QinQ VLANID 
1-1        
1-2        
1-3        
1-4     507,509,510,518,530,536,541,543,544,547,548,549,551,587,659,691,701,730,778,795,797,804,821,830,854,859,877,928,1077,1079,1081,1083,1084,1104,1106,1108,1109,1130,1132,1133,1137,1138,1140,1146,1151,1156,1160,1168,1170,1199,1200,1202,1204,1207,1211,1212,1221,1225,1227,1235,1237,1240,1246,1251,1252,1255,1256,1264,1268,1288,1293,1299,1318,1331,1332,1334,1346,1347,1352,1359,1365,1366,1368,1370,1599,1600,1601,1602,1610,1612,1614,1616,1618,1628,1634,1635,1638,1645,1647,1650,1653,1668
511,537,542,545,602,692,725,731,733,1085,1134,1169,1171,1201,1208,1213,1228,1236,1247,1253,1263,1329,1367,1369,1373,1374,1380,1390,1588,1589,1595,1598,1605,1606,1611,1613,1619,1623,1624,1625,1630,1631,1636,1637,1639,1640,1644,1646,1651,1654,1655,1664,1667(MOD)  
1-5        
1-6     929,931,936,940,942,946,950,951,957,958,961,969,971,973,974,976,977,978,979,981,989,995,1001,1003,1005,1013,1014,1015,1018,1043,1049,1066,1072,1086,1091,1107,1118,1119,1122,1124,1125,1126,1142,1152,1161,1162,1163,1166,1180,1183,1187,1198,1219,1231,1232,1241,1245,1277,1281,1292,1305,1319,1325,1326,1328,1330,1336,1343,1353,1354,1355,1360,1361,1377,1382,1388,1594,1603,1620,1649,1652,1657,1663
930,937,947,952,959,970,972,975,980,1002,1019,1050,1067,1073,1120,1123,1153,1164,1177,1184,1188,1242,1282,1290,1300,1301,1320,1362,1376,1381,1389,1590,1593,1629,1632,1633,1641,1648,1656,1658,1665,1669,1670,1748(MOD)  
1-7        
1-8        
1-9        
1-10        
1-11        
1-12     507,509,510,518,530,536,541,543,544,547,548,549,551,587,659,691,701,730,778,795,797,804,821,830,854,859,877,928,929,931,936,940,942,946,950,951,957,958,961,969,971,973,974,976,977,978,979,981,989,995,1001,1003,1005,1013,1014,1015,1018,1043,1049,1066,1072,1077,1079,1081,1083,1084,1086,1091,1104,1106,1107,1108,1109,1118,1119,1122,1124,1125,1126,1130,1132,1133,1137,1138,1140,1142,1146,1151,1152,1156,1160,1161,1162,1163,1166,1168,1170,1180,1183,1187,1198,1199,1200,1202,1204,1207,1211,1212,1219,1221,1225,1227,1231,1232,1235,1237,1240,1241,1245,1246,1251,1252,1255,1256,1264,1268,1277,1281,1288,1292,1293,1299,1305,1318,1319,1325,1326,1328,1330,1331,1332,1334,1336,1343,1346,1347,1352,1353,1354,1355,1359,1360,1361,1365,1366,1368,1370,1377,1382,1388,1594,1599,1600,1601,1602,1603,1610,1612,1614,1616,1618,1620,1628,1634,1635,1638,1645,1647,1649,1650,1652,1653,1657,1663,1668
511,537,542,545,602,692,725,731,733,930,937,947,952,959,970,972,975,980,1002,1019,1050,1067,1073,1085,1120,1123,1134,1153,1164,1169,1171,1177,1184,1188,1201,1208,1213,1228,1236,1242,1247,1253,1263,1282,1290,1300,1301,1320,1329,1362,1367,1369,1373,1374,1376,1380,1381,1389,1390,1588,1589,1590,1593,1595,1598,1605,1606,1611,1613,1619,1623,1624,1625,1629,1630,1631,1632,1633,1636,1637,1639,1640,1641,1644,1646,1648,1651,1654,1655,1656,1658,1664,1665,1667,1669,1670,1748(MOD)  
 
 中華電信北區OPTIMA  
