GESW網路管理系統Logo   [新增]  [查詢]  [更新]  [刪除]  [標籤]  [首頁]  [回PAMS首頁]  

--------------------------------------------------------------------------------

GESW設備的通道Vlanid資料(僅供參考用,請以服務資料為主)
    查看通道詳細資料   查看通道服務速率統計資料(每週五晚上統計一次)  
Slot-Port QinQ VLANID 
1-1        
1-2        
1-3        
1-4     14,68,80,82,85,106,112,170,235,242,312,336,462,486,487,539,562,574,599,611,627,1003,1006,1008,1030,1078,1102,1111,1126,1130,1134,1151,1188,1201,1222,1231,1236,1238,1242,1268,1280,1303,1311,1315,1338,1876,1900,1901,1919,1926,1934,1946,1959,1967,1985,1991,1995,1997,2013,2017,2018,2021,2026,2030,2035,2037,2038,2040,2044,2049,2050,2054,2061,2062,2063,2065,2070,2071,2077,2081,2086,2093,2098,2101,2103,2106,2118,2119,2122,2124,2125,2126,2130,2143,2145,2165,2170,2171,2183,2186,2192,2194,2197,2206,2222,2224,2226,2227,2229,2231,2233,2235,2241,2263,2265,2269,2272,2282,2283,2295
15,86,236,313,463,488,540,575,585,586,600,1031,1044,1079,1104,1112,1237,1308,1316,1920,1925,1933,1949,1986,1990,1992,1996,1998,2014,2027,2036,2039,2043,2051,2066,2069,2076,2097,2107,2120,2123,2127,2129,2131,2164,2166,2167,2168,2169,2172,2184,2185,2188,2190,2191,2193,2195,2196,2207,2212,2216,2223,2225,2228,2230,2232,2234,2236,2239,2240,2242,2250,2251,2253,2254,2264,2266,2268,2273,2278,2281,2284,2285,2286,2289,2294(MOD)  
1-5        
1-6        
1-7        
1-8     159,166,200,203,204,238,265,284,306,310,343,360,430,524,529,552,560,576,582,604,1038,1057,1082,1123,1132,1133,1159,1163,1170,1171,1178,1216,1217,1219,1226,1230,1233,1251,1264,1270,1278,1284,1286,1290,1300,1301,1313,1319,1332,1336,1874,1877,1882,1891,1894,1902,1906,1910,1912,1914,1915,1917,1930,1932,1941,1954,1969,1972,2005,2007,2016,2022,2034,2045,2058,2064,2068,2075,2078,2079,2087,2090,2102,2108,2109,2112,2115,2128,2135,2138,2141,2175,2187,2199,2200,2209,2211,2243,2248,2255,2257,2258,2261,2275,2276,2288,2293,2296
266,307,311,410,431,561,578,1039,1083,1160,1177,1263,1272,1279,1314,1320,1337,1875,1890,1893,1903,1907,1911,1913,1940,1955,1989,2006,2008,2015,2023,2024,2084,2088,2116,2136,2142,2148,2161,2162,2176,2201,2205,2208,2210,2217,2246,2247,2249,2252,2256,2262,2267,2270,2271,2274,2277,2287,2292(MOD)  
1-9        
1-10     203,204,238,360,1132,1201,1231,1280,1338
15,86,236,266,307,311,313,410,431,463,488,540,561,575,578,585,586,600,1031,1039,1044,1079,1083,1104,1112,1337(MOD)  
1-11        
1-12     14,68,80,82,85,106,112,159,166,170,200,235,242,265,284,306,310,312,336,343,430,462,486,487,524,529,539,552,560,562,574,576,582,599,604,611,627,1003,1006,1008,1030,1038,1057,1078,1082,1102,1111,1123,1126,1130,1133,1134,1151,1159,1163,1170,1171,1178,1188,1216,1217,1219,1222,1226,1230,1233,1236,1238,1242,1251,1264,1268,1270,1278,1284,1286,1290,1300,1301,1303,1311,1313,1315,1319,1332,1336,1874,1876,1877,1882,1891,1894,1900,1901,1902,1906,1910,1912,1914,1915,1917,1919,1926,1930,1932,1934,1941,1946,1954,1959,1967,1969,1972,1985,1991,1995,1997,2005,2007,2013,2016,2017,2018,2021,2022,2026,2030,2034,2035,2037,2038,2040,2044,2045,2049,2050,2054,2058,2061,2062,2063,2064,2065,2068,2070,2071,2075,2077,2078,2079,2081,2086,2087,2090,2093,2098,2101,2102,2103,2106,2108,2109,2112,2115,2118,2119,2122,2124,2125,2126,2128,2130,2135,2138,2141,2143,2145,2165,2170,2171,2175,2183,2186,2187,2192,2194,2197,2199,2200,2206,2209,2211,2222,2224,2226,2227,2229,2231,2233,2235,2241,2243,2248,2255,2257,2258,2261,2263,2265,2269,2272,2275,2276,2282,2283,2288,2293,2295,2296
1160,1177,1237,1263,1272,1279,1308,1314,1316,1320,1875,1890,1893,1903,1907,1911,1913,1920,1925,1933,1940,1949,1955,1986,1989,1990,1992,1996,1998,2006,2008,2014,2015,2023,2024,2027,2036,2039,2043,2051,2066,2069,2076,2084,2088,2097,2107,2116,2120,2123,2127,2129,2131,2136,2142,2148,2161,2162,2164,2166,2167,2168,2169,2172,2176,2184,2185,2188,2190,2191,2193,2195,2196,2201,2205,2207,2208,2210,2212,2216,2217,2223,2225,2228,2230,2232,2234,2236,2239,2240,2242,2246,2247,2249,2250,2251,2252,2253,2254,2256,2262,2264,2266,2267,2268,2270,2271,2273,2274,2277,2278,2281,2284,2285,2286,2287,2289,2292,2294(MOD)  
 
 中華電信北區OPTIMA  
