GESW網路管理系統Logo   [新增]  [查詢]  [更新]  [刪除]  [標籤]  [首頁]  [回PAMS首頁]  

--------------------------------------------------------------------------------

GESW設備的通道Vlanid資料(僅供參考用,請以服務資料為主)
    查看通道詳細資料   查看通道服務速率統計資料(每週五晚上統計一次)  
Slot-Port QinQ VLANID 
1-1     19,78,107,109,176,188,238,290,323,441,447,449,1000,1002,1013,1118,1291,1306,1325,1423,1439,1449,1488,1529,1537
80,110,189,237,289,322,440,448,1014,1119,1307,1370,1422,1438,1464,1528,1535,1544,1598(MOD)  
1-2     44,72,99,249,369,400,404,405,411,424,425,427,432,467,499,503,998,1089,1103,1133,1157,1174
250,370,401,403,406,412,433,468,1132,1367,1368,1384,1400(MOD)  
1-3     50,182,183,190,227,318,328,343,348,363,376,381,396,402,408,437,472,478,504,1113,1160,1172,1290,1314,1335,1403,1416,1446,1616
228,319,347,375,380,407,505,1114,1171,1369,1379,1523(MOD)  
1-4     113,117,207,391,483,1090,1098,1501,1516,1540
118,206,390,1091,1101,1364,1500,1515,1541(MOD)  
1-5     30,120,144,312,373,1051
121,314,372(MOD)  
1-6     5,230,365,436,454,513,1117,1129,1145,1322
229,455,1130,1372(MOD)  
1-7     39,64,93,95,97,108,124,132,143,167,179,192,197,243,284,1418,1425,1427,1428,1431,1437,1445,1456,1459,1476,1486,1491,1525,1589
40,94,96,98,133,168,193,196,244,283,1419,1424,1426,1429,1430,1444,1457,1475,1487,1524,1590,1595(MOD)  
1-8     34,65,67,159,239,279,293,367,392,456,1388,1454
35,68,160,294,457,1389,1411,1455,1605(MOD)  
1-9        
1-10        
1-11      
407(MOD)  
1-12     5,19,30,34,39,44,50,64,65,67,72,78,93,95,97,99,107,108,109,113,117,120,124,132,143,144,159,167,176,179,182,183,188,190,192,197,207,227,230,238,239,243,249,279,284,290,293,312,318,323,328,343,348,363,365,367,369,373,376,381,391,392,396,400,402,404,405,408,411,424,425,427,432,436,437,441,447,449,454,456,467,472,478,483,499,503,504,513,998,1000,1002,1013,1051,1089,1090,1098,1103,1113,1117,1118,1129,1133,1145,1157,1160,1172,1174,1290,1291,1306,1314,1322,1325,1335,1388,1403,1416,1418,1423,1425,1427,1428,1431,1437,1439,1445,1446,1449,1454,1456,1459,1476,1486,1488,1491,1501,1516,1525,1529,1537,1540,1589,1616
35,40,68,80,94,96,98,110,118,121,133,160,168,189,193,196,206,228,229,237,244,250,283,289,294,314,319,322,347,370,372,375,380,390,401,403,406,412,433,440,448,455,457,468,505,1014,1091,1101,1114,1119,1130,1132,1171,1307,1364,1367,1368,1369,1370,1372,1379,1384,1389,1400,1411,1419,1422,1424,1426,1429,1430,1438,1444,1455,1457,1464,1475,1487,1500,1515,1523,1524,1528,1535,1541,1544,1590,1595,1598,1605(MOD)  
 
 中華電信北區OPTIMA  
